{
    "formula":"CsMoPO6",
    "structure":"Cs4 Mo4 P4 O24\n1.0\n   9.1647796383915701    0.0000000000000000    4.9523368282572777\n   5.2955605468733964    7.4799882652910821    3.5801826131047947\n   0.0000000000000000    0.0000000000000000    8.5325194399999997\nCs Mo P O\n4 4 4 24\ndirect\n   0.3118887400000000    0.6881112600000000    0.6881112600000000 Cs\n   0.6881112600000000    0.3118887400000000    0.3118887400000000 Cs\n   0.9381112600000000    0.5618887400000000    0.5618887400000000 Cs\n   0.5618887400000000    0.9381112600000000    0.9381112600000000 Cs\n   0.2153122200000000    0.7846877799999999    0.2153122200000000 Mo\n   0.7846877799999999    0.2153122200000000    0.7846877799999999 Mo\n   0.0346877800000000    0.4653122200000000    0.0346877800000000 Mo\n   0.4653122200000000    0.0346877800000000    0.4653122200000000 Mo\n   0.1286892600000000    0.1286892600000000    0.8713107400000000 P\n   0.8713107400000000    0.8713107400000000    0.1286892600000000 P\n   0.1213107400000000    0.1213107400000000    0.3786892600000000 P\n   0.3786892600000000    0.3786892600000000    0.1213107400000000 P\n   0.1646095800000000    0.6969858799999999    0.4350894600000000 O\n   0.7033150800000000    0.4350894600000000    0.6969858799999999 O\n   0.4350894600000000    0.7033150800000000    0.1646095800000000 O\n   0.6969858799999999    0.1646095800000000    0.7033150800000000 O\n   0.0853904200000000    0.5530141200000001    0.8149105400000000 O\n   0.5466849200000000    0.8149105400000000    0.5530141200000001 O\n   0.8149105400000000    0.5466849200000000    0.0853904200000000 O\n   0.5530141200000001    0.0853904200000000    0.5466849200000000 O\n   0.1070787900000000    0.0198180600000000    0.2894075500000000 O\n   0.5836955900000000    0.2894075500000000    0.0198180600000000 O\n   0.2894075500000000    0.5836955900000000    0.1070787900000000 O\n   0.0198180600000000    0.1070787900000000    0.5836955900000000 O\n   0.1429212100000000    0.2301819400000000    0.9605924500000000 O\n   0.6663044100000000    0.9605924500000000    0.2301819400000000 O\n   0.9605924500000000    0.6663044100000000    0.1429212100000000 O\n   0.2301819400000000    0.1429212100000000    0.6663044100000000 O\n   0.9472160800000000    0.8975536200000001    0.2226891800000000 O\n   0.9325411200000000    0.2226891800000000    0.8975536200000001 O\n   0.2226891800000000    0.9325411200000000    0.9472160800000000 O\n   0.8975536200000001    0.9472160800000000    0.9325411200000000 O\n   0.3027839200000000    0.3524463800000000    0.0273108200000000 O\n   0.3174588800000000    0.0273108200000000    0.3524463800000000 O\n   0.0273108200000000    0.3174588800000000    0.3027839200000000 O\n   0.3524463800000000    0.3027839200000000    0.3174588800000000 O\n",
    "Eg":{
        "source":"literature",
        "data":3.885842
    },
    "epsilon":{
        "source":"predict",
        "data":[
            [
                9.2930173874,
                -0.0000005127,
                -0.0000023522
            ],
            [
                -0.0000005127,
                7.6142091751,
                -0.000000135
            ],
            [
                -0.0000023522,
                -0.000000135,
                14.086514473
            ]
        ]
    },
    "space_group":"Fddd",
    "abc":[
        10.41723696,
        9.83925269,
        8.53251944
    ],
    "angles":[
        68.66210708,
        61.61471299,
        49.72317993
    ],
    "mat-id":"2fXId",
    "epsilon-poly":10.3312470118,
    "Fb":{
        "source":"predict",
        "data":0
    }
}