{
    "formula":"Ba2Ca(PdO2)3",
    "structure":"Ba4 Ca2 Pd6 O12\n1.0\n   8.3567590056013668    0.0000000000000000    4.5826252748591410\n   5.4114194228004191    6.3680421597572856    2.6855232128909678\n   0.0000000000000000    0.0000000000000000    7.2681484899999997\nBa Ca Pd O\n4 2 6 12\ndirect\n   0.2306736400000000    0.7693263600000000    0.2306736400000000 Ba\n   0.7693263600000000    0.2306736400000000    0.7693263600000000 Ba\n   0.7500000000000000    0.7500000000000000    0.7500000000000000 Ba\n   0.2500000000000000    0.2500000000000000    0.2500000000000000 Ba\n   0.6701402600000000    0.6701402600000000    0.3298597400000000 Ca\n   0.3298597400000000    0.3298597400000000    0.6701402600000000 Ca\n   0.3245427900000000    0.6754572100000000    0.6754572100000000 Pd\n   0.6754572100000000    0.3245427900000000    0.3245427900000000 Pd\n   0.3101237900000000    0.9938179800000000    0.6898762100000000 Pd\n   0.0061820200000000    0.6898762100000000    0.9938179800000000 Pd\n   0.6898762100000000    0.0061820200000000    0.3101237900000000 Pd\n   0.9938179800000000    0.3101237900000000    0.0061820200000000 Pd\n   0.9216663700000000    0.6870153100000000    0.3129846900000000 O\n   0.0783336300000000    0.3129846900000000    0.6870153100000000 O\n   0.3129846900000000    0.0783336300000000    0.9216663700000000 O\n   0.6870153100000000    0.9216663700000000    0.0783336300000000 O\n   0.2960916200000000    0.9063671400000000    0.4700026600000000 O\n   0.3275385900000000    0.4700026600000000    0.9063671400000000 O\n   0.4700026600000000    0.3275385900000000    0.2960916200000000 O\n   0.9063671400000000    0.2960916200000000    0.3275385900000000 O\n   0.7039083800000000    0.0936328600000000    0.5299973400000000 O\n   0.6724614100000000    0.5299973400000000    0.0936328600000000 O\n   0.5299973400000000    0.6724614100000000    0.7039083800000000 O\n   0.0936328600000000    0.7039083800000000    0.6724614100000000 O\n",
    "predict":[
        [
            20.0265483856,
            -0.0000004022,
            0.0000000682
        ],
        [
            -0.0000004022,
            15.1494350433,
            0.000000279
        ],
        [
            0.0000000682,
            0.000000279,
            18.7108898163
        ]
    ],
    "space_group":"Fmmm",
    "abc":[
        9.53078567,
        8.77766803,
        7.26814849
    ],
    "angles":[
        72.18470232,
        61.26080316,
        46.55449452
    ],
    "mat-id":"aOVoj",
    "epsilon_max":20.0265483856
}