{
    "formula":"RbMoPO6",
    "structure":"Rb4 Mo4 P4 O24\n1.0\n   9.0320698446442087    0.0000000000000000    4.7891553496552630\n   5.1495335402805402    7.4202823381540810    3.6611193943453815\n   0.0000000000000000    0.0000000000000000    8.4502747399999993\nRb Mo P O\n4 4 4 24\ndirect\n   0.3000059200000000    0.6999940800000000    0.6999940800000000 Rb\n   0.6999940800000000    0.3000059200000000    0.3000059200000000 Rb\n   0.9499940800000000    0.5500059200000000    0.5500059200000000 Rb\n   0.5500059200000000    0.9499940800000000    0.9499940800000000 Rb\n   0.4689203900000000    0.0310796100000000    0.4689203900000000 Mo\n   0.0310796100000000    0.4689203900000000    0.0310796100000000 Mo\n   0.7810796100000000    0.2189203900000000    0.7810796100000000 Mo\n   0.2189203900000000    0.7810796100000000    0.2189203900000000 Mo\n   0.8690092600000000    0.8690092600000000    0.1309907400000000 P\n   0.1309907400000000    0.1309907400000000    0.8690092600000000 P\n   0.3809907400000000    0.3809907400000000    0.1190092600000000 P\n   0.1190092600000000    0.1190092600000000    0.3809907400000000 P\n   0.6620440100000000    0.9565287800000000    0.2304535300000000 O\n   0.1509736700000000    0.2304535300000000    0.9565287800000000 O\n   0.2304535300000000    0.1509736700000000    0.6620440100000000 O\n   0.9565287800000000    0.6620440100000000    0.1509736700000000 O\n   0.5879559900000000    0.2934712200000000    0.0195464700000000 O\n   0.0990263300000000    0.0195464700000000    0.2934712200000000 O\n   0.0195464700000000    0.0990263300000000    0.5879559900000000 O\n   0.2934712200000000    0.5879559900000000    0.0990263300000000 O\n   0.9451015100000000    0.8959581100000000    0.2267570700000000 O\n   0.9321833100000000    0.2267570700000000    0.8959581100000000 O\n   0.2267570700000000    0.9321833100000000    0.9451015100000000 O\n   0.8959581100000000    0.9451015100000000    0.9321833100000000 O\n   0.3048984900000000    0.3540418900000000    0.0232429300000000 O\n   0.3178166900000000    0.0232429300000000    0.3540418900000000 O\n   0.0232429300000000    0.3178166900000000    0.3048984900000000 O\n   0.3540418900000000    0.3048984900000000    0.3178166900000000 O\n   0.5700348100000000    0.0756276800000000    0.5414620100000000 O\n   0.8128755000000000    0.5414620100000000    0.0756276800000000 O\n   0.5414620100000000    0.8128755000000000    0.5700348100000000 O\n   0.0756276800000000    0.5700348100000000    0.8128755000000000 O\n   0.6799651900000000    0.1743723200000000    0.7085379900000000 O\n   0.4371245000000000    0.7085379900000000    0.1743723200000000 O\n   0.7085379900000000    0.4371245000000000    0.6799651900000000 O\n   0.1743723200000000    0.6799651900000000    0.4371245000000000 O\n",
    "predict":[
        [
            10.5021772385,
            -0.0000067734,
            0.0000027479
        ],
        [
            -0.0000067734,
            10.4396343231,
            -0.0000004917
        ],
        [
            0.0000027479,
            -0.0000004917,
            13.0928678513
        ]
    ],
    "space_group":"Fddd",
    "abc":[
        10.2232233,
        9.74587507,
        8.45027474
    ],
    "angles":[
        67.93499098,
        62.06572231,
        49.99928671
    ],
    "mat-id":"dCPuy",
    "epsilon_max":13.0928678513
}