{
    "formula":"MgH12(NO)6",
    "structure":"Mg1 H12 N6 O6\n1.0\n   7.1784368642092664    0.0000000000000000    4.9024722823653306\n   4.8923304649138952    5.2530998866478216    1.6737137406192053\n   0.0000000000000000    0.0000000000000000    6.5761860199999997\nMg H N O\n1 12 6 6\ndirect\n   0.5000000000000000    0.5000000000000000    0.5000000000000000 Mg\n   0.7924169800000000    0.3292485300000000    0.6707514700000000 H\n   0.2075830200000000    0.6707514700000000    0.3292485300000000 H\n   0.6707514700000000    0.2075830200000000    0.7924169800000000 H\n   0.3292485300000000    0.7924169800000000    0.2075830200000000 H\n   0.7351911300000000    0.9916122400000000    0.4022306600000000 H\n   0.8709659800000000    0.4022306600000000    0.9916122400000000 H\n   0.4022306600000000    0.8709659800000000    0.7351911300000000 H\n   0.9916122400000000    0.7351911300000000    0.8709659800000000 H\n   0.2648088700000000    0.0083877600000000    0.5977693400000000 H\n   0.1290340200000000    0.5977693400000000    0.0083877600000000 H\n   0.5977693400000000    0.1290340200000000    0.2648088700000000 H\n   0.0083877600000000    0.2648088700000000    0.1290340200000000 H\n   0.0072480600000000    0.6348836200000000    0.3651163800000000 N\n   0.9927519400000000    0.3651163800000000    0.6348836200000000 N\n   0.3651163800000000    0.9927519400000000    0.0072480600000000 N\n   0.6348836200000000    0.0072480600000000    0.9927519400000000 N\n   0.0000000000000000    0.5000000000000000    0.5000000000000000 N\n   0.5000000000000000    0.0000000000000000    0.0000000000000000 N\n   0.6800106700000000    0.3199893300000000    0.6800106700000000 O\n   0.3199893300000000    0.6800106700000000    0.3199893300000000 O\n   0.1616230100000000    0.6089127600000001    0.8383769900000000 O\n   0.3910872400000000    0.8383769900000000    0.6089127600000001 O\n   0.8383769900000000    0.3910872400000000    0.1616230100000000 O\n   0.6089127600000001    0.1616230100000000    0.3910872400000000 O\n",
    "predict":[
        [
            4.1623158455,
            -0.0000001986,
            0.0000002155
        ],
        [
            -0.0000001986,
            5.4146585464,
            -0.0000002947
        ],
        [
            0.0000002155,
            -0.0000002947,
            3.7036721706
        ]
    ],
    "space_group":"Fmmm",
    "abc":[
        8.69276655,
        7.37097507,
        6.57618602
    ],
    "angles":[
        76.87547677,
        55.66910158,
        47.45542165
    ],
    "mat-id":"ZamVZ",
    "epsilon_max":5.4146585464
}